0 0
1 1 0 467
2 2 0 448 1 577
3 3 0 397 1 464 2 494
4 4 0 372 3 445 1 400 2 419
5 5 0 334 4 425 3 381 1 366 2 386
6 6 0 301 4 365 3 351 5 406 1 347 2 364
7 7 0 271 4 325 3 313 6 395 5 365 1 308 2 320
8 8 0 238 4 290 3 283 6 347 5 311 1 268 7 394 2 282
9 9 0 224 8 409 4 248 3 235 6 306 5 264 1 241 7 313 2 251
10 10 0 203 9 422 8 330 4 237 3 227 6 262 5 251 1 219 7 283 2 233
11 11 0 202 9 319 8 263 4 228 10 357 3 209 6 246 5 224 1 210 7 259 2 227
12 12 0 176 11 384 9 247 8 216 4 191 10 297 3 178 6 213 5 197 1 178 7 218 2 184
13 13 0 165 11 286 9 209 8 193 4 185 12 346 10 250 3 185 6 202 5 200 1 183 7 191 2 192
14 14 0 148 11 223 9 178 8 167 13 343 4 151 12 273 10 199 3 151 6 172 5 148 1 143 7 159 2 159
15 15 0 150 11 197 14 335 9 161 8 148 13 272 4 149 12 219 10 168 3 153 6 162 5 141 1 154 7 145 2 162
16 16 0 135 15 341 11 175 14 261 9 133 8 132 13 214 4 152 12 174 10 144 3 144 6 148 5 145 1 149 7 128 2 161
17 17 0 107 16 364 15 295 11 143 14 244 9 111 8 109 13 204 4 129 12 173 10 125 3 111 6 126 5 130 1 115 7 110 2 124
18 18 0 113 16 309 15 255 11 129 14 201 9 112 8 109 13 180 4 124 17 336 12 155 10 121 3 116 6 116 5 110 1 117 7 108 2 122
19 19 0 102 18 370 16 241 15 228 11 112 14 184 9 90 8 81 13 158 4 104 17 279 12 132 10 104 3 101 6 102 5 99 1 103 7 91 2 108
20 20 0 108 18 272 19 338 16 222 15 202 11 116 14 162 9 101 8 101 13 143 4 108 17 245 12 134 10 109 3 108 6 107 5 96 1 108 7 95 2 117
21 21 0 90 18 264 19 292 16 221 15 193 11 121 14 168 9 94 8 88 20 330 13 161 4 98 17 240 12 134 10 113 3 93 6 101 5 92 1 84 7 92 2 94
22 22 0 82 18 237 19 245 16 185 15 166 11 107 14 156 9 82 8 77 21 331 20 270 13 141 4 88 17 223 12 115 10 95 3 87 6 76 5 72 1 86 7 75 2 82
23 23 0 107 18 227 19 225 16 171 15 150 11 111 14 147 9 80 8 88 21 272 20 235 13 136 4 112 17 197 22 372 12 123 10 94 3 111 6 106 5 112 1 113 7 93 2 109
24 24 0 81 23 331 18 172 19 178 16 149 15 128 11 93 14 135 9 80 8 80 21 227 20 207 13 118 4 94 17 174 22 276 12 111 10 96 3 87 6 88 5 93 1 88 7 90 2 90
25 25 0 65 23 273 18 145 24 308 19 162 16 126 15 110 11 85 14 116 9 80 8 72 21 186 20 175 13 119 4 69 17 145 22 241 12 107 10 77 3 71 6 72 5 69 1 66 7 74 2 69
26 26 0 70 23 215 18 105 24 243 25 305 19 115 16 104 15 87 11 85 14 102 9 74 8 72 21 152 20 133 13 103 4 77 17 110 22 184 12 95 10 83 3 78 6 78 5 77 1 76 7 77 2 71
27 27 0 52 23 166 26 329 18 78 24 188 25 228 19 94 16 77 15 71 11 65 14 81 9 61 8 56 21 129 20 103 13 80 4 58 17 82 22 160 12 74 10 67 3 52 6 60 5 62 1 54 7 59 2 53
28 28 0 51 23 165 26 278 18 72 24 175 25 196 19 78 16 64 15 66 11 57 14 65 9 42 8 38 21 106 20 91 13 73 4 47 17 79 27 317 22 138 12 63 10 51 3 46 6 48 5 46 1 51 7 42 2 52
29 29 0 37 28 347 23 126 26 219 18 48 24 137 25 167 19 55 16 52 15 45 11 41 14 61 9 34 8 30 21 94 20 68 13 61 4 38 17 51 27 267 22 115 12 50 10 37 3 36 6 37 5 34 1 34 7 38 2 36
30 30 0 24 28 274 23 102 29 344 26 191 18 37 24 109 25 137 19 46 16 31 15 38 11 32 14 54 9 32 8 23 21 76 20 53 13 54 4 26 17 37 27 213 22 98 12 46 10 30 3 30 6 23 5 26 1 24 7 27 2 21
31 31 0 24 30 334 28 216 23 96 29 273 26 162 18 31 24 102 25 124 19 33 16 31 15 32 11 23 14 45 9 16 8 15 21 57 20 35 13 43 4 24 17 35 27 184 22 89 12 36 10 23 3 27 6 17 5 26 1 25 7 19 2 18
32 32 0 17 31 317 30 266 28 173 23 70 29 211 26 133 18 22 24 76 25 103 19 28 16 29 15 24 11 24 14 37 9 21 8 17 21 45 20 33 13 35 4 18 17 27 27 151 22 71 12 28 10 18 3 23 6 14 5 19 1 17 7 16 2 15
33 33 0 13 31 276 32 331 30 227 28 149 23 69 29 190 26 121 18 31 24 74 25 99 19 32 16 30 15 34 11 15 14 37 9 14 8 14 21 55 20 38 13 29 4 17 17 30 27 132 22 73 12 20 10 20 3 15 6 16 5 19 1 11 7 14 2 11
34 34 0 11 33 344 31 227 32 279 30 201 28 128 23 60 29 167 26 110 18 25 24 59 25 86 19 23 16 28 15 25 11 16 14 30 9 13 8 12 21 39 20 26 13 26 4 13 17 27 27 117 22 59 12 18 10 14 3 13 6 13 5 10 1 7 7 11 2 10
35 35 0 4 34 311 33 272 31 190 32 223 30 186 28 127 23 74 29 157 26 108 18 25 24 73 25 87 19 21 16 20 15 21 11 8 14 29 9 9 8 8 21 49 20 22 13 25 4 5 17 20 27 120 22 63 12 19 10 11 3 6 6 9 5 7 1 6 7 8 2 6
36 36 0 7 35 318 34 257 33 216 31 159 32 192 30 151 28 102 23 49 29 123 26 93 18 19 24 54 25 69 19 32 16 21 15 15 11 9 14 18 9 7 8 9 21 38 20 30 13 18 4 6 17 20 27 91 22 48 12 15 10 9 3 7 6 8 5 8 1 8 7 8 2 8
37 37 0 2 36 316 35 227 34 184 33 162 31 128 32 151 30 112 28 82 23 45 29 102 26 76 18 14 24 46 25 56 19 23 16 15 15 8 11 6 14 13 9 5 8 4 21 30 20 27 13 13 4 4 17 12 27 72 22 34 12 8 10 7 3 3 6 7 5 4 1 3 7 5 2 4
38 38 0 2 37 312 36 263 35 191 34 170 33 148 31 104 32 138 30 97 28 74 23 33 29 81 26 59 18 10 24 37 25 40 19 12 16 7 15 6 11 2 14 7 9 1 8 1 21 24 20 13 13 5 4 3 17 9 27 64 22 27 12 5 10 1 3 3 6 1 5 2 1 3 7 1 2 4
39 39 0 1 38 342 37 253 36 234 35 164 34 158 33 139 31 113 32 140 30 106 28 88 23 33 29 92 26 71 18 11 24 37 25 56 19 17 16 12 15 9 11 2 14 15 9 4 8 2 21 25 20 21 13 12 4 1 17 15 27 75 22 32 12 9 10 5 3 1 6 3 5 1 1 1 7 2 2 1
40 40 0 2 38 290 37 202 36 200 35 148 39 318 34 142 33 135 31 109 32 117 30 94 28 73 23 33 29 79 26 53 18 11 24 29 25 43 19 15 16 12 15 11 11 2 14 9 9 4 8 2 21 24 20 20 13 9 4 2 17 13 27 64 22 27 12 5 10 5 3 2 6 4 5 3 1 2 7 2 2 2
41 37 40 344 38 232 37 167 36 168 35 138 39 276 34 121 33 113 31 94 32 104 30 93 28 73 23 28 29 80 26 56 18 12 24 32 25 45 19 17 16 7 15 4 11 1 14 9 9 1 8 1 21 21 20 18 13 5 4 2 17 11 27 60 22 24 12 5 10 2 3 1 6 1 2 1
42 42 0 1 40 280 41 323 38 215 37 146 36 146 35 111 39 226 34 105 33 98 31 73 32 88 30 81 28 64 23 29 29 70 26 55 18 9 24 29 25 38 19 14 16 5 15 5 11 3 14 8 9 2 8 2 21 18 20 16 13 7 4 2 17 8 27 56 22 21 12 5 10 4 3 1 6 2 5 1 1 1 7 1 2 2
43 43 0 2 40 242 41 266 38 194 42 328 37 130 36 126 35 103 39 211 34 84 33 75 31 69 32 75 30 74 28 57 23 19 29 57 26 44 18 7 24 21 25 28 19 9 16 6 15 4 11 3 14 7 9 3 8 2 21 17 20 17 13 7 4 2 17 7 27 47 22 15 12 5 10 4 3 3 6 2 5 3 1 2 7 2 2 2
44 35 40 205 41 217 43 326 38 173 42 261 37 130 36 119 35 105 39 193 34 98 33 91 31 67 32 77 30 70 28 49 23 15 29 53 26 38 18 10 24 15 25 27 19 11 16 6 15 3 14 4 9 2 21 15 20 17 13 4 17 9 27 44 22 13 12 2 10 3 6 1
45 42 0 1 40 181 44 304 41 172 43 269 38 148 42 208 37 117 36 111 35 91 39 154 34 81 33 87 31 69 32 76 30 72 28 45 23 13 29 46 26 37 18 14 24 15 25 26 19 13 16 12 15 5 14 5 8 1 21 15 20 16 13 4 4 1 17 13 27 38 22 14 10 1 3 2 6 2 5 2 1 2 7 2 2 2
46 39 40 151 44 245 41 151 43 220 38 117 42 177 37 95 36 84 35 61 39 129 45 312 34 57 33 56 31 48 32 54 30 54 28 41 23 17 29 46 26 37 18 5 24 21 25 26 19 13 16 7 15 4 14 2 21 12 20 15 13 1 4 2 17 9 27 32 22 7 12 1 3 2 5 2 1 1 2 1
47 41 46 306 40 107 44 217 41 137 43 183 38 107 42 158 37 71 36 79 35 65 39 119 45 242 34 47 33 58 31 48 32 50 30 47 28 35 23 12 29 43 26 29 18 5 24 13 25 19 19 5 16 7 15 6 14 7 9 1 21 6 20 9 13 3 17 5 27 29 22 5 12 2 10 1 3 1 6 1 1 1 2 1
48 39 46 257 40 109 44 175 41 126 43 164 38 91 42 142 37 67 36 61 35 49 47 313 39 109 45 213 34 49 33 50 31 41 32 44 30 41 28 35 23 10 29 41 26 27 18 5 24 8 25 16 19 5 16 3 15 3 14 2 21 9 20 6 13 1 4 1 17 3 27 31 22 8 10 1 6 1 7 1
49 40 0 1 46 219 40 111 44 148 41 125 43 139 38 78 42 124 37 59 36 66 35 46 48 309 47 258 39 95 45 170 34 48 33 41 31 33 32 42 30 35 28 22 23 4 29 22 26 17 18 4 24 2 25 8 19 3 16 1 15 2 14 1 21 4 20 4 13 1 17 4 27 15 22 5 12 1 1 1 2 1
50 42 46 183 40 99 44 132 41 108 43 117 38 78 42 121 37 64 36 62 35 42 48 238 49 323 47 217 39 90 45 150 34 39 33 33 31 25 32 34 30 34 28 17 23 6 29 22 26 13 18 5 24 4 25 7 19 5 16 4 15 2 14 3 8 1 21 4 20 4 13 1 17 5 27 12 22 6 12 1 6 1 5 1 7 1
51 37 46 148 50 361 40 56 44 95 41 76 43 95 38 41 42 92 37 32 36 37 35 27 48 182 49 225 47 172 39 46 45 115 34 29 33 25 31 12 32 18 30 16 28 11 23 4 29 9 26 5 18 2 24 1 25 3 19 2 16 2 15 2 14 1 21 2 20 2 17 2 27 8 22 4
52 37 51 340 46 90 50 223 40 49 44 66 41 54 43 76 38 45 42 66 37 37 36 38 35 23 48 112 49 136 47 99 39 46 45 73 34 27 33 23 31 14 32 17 30 15 28 6 29 8 26 6 18 1 24 2 25 1 16 1 15 2 14 2 21 1 20 1 13 1 17 2 27 6 22 1
53 32 51 232 46 67 50 159 40 42 44 60 41 53 43 61 38 38 42 58 37 32 36 31 35 19 48 92 49 104 47 84 39 46 45 59 52 335 34 17 33 18 31 10 32 15 30 13 28 8 29 7 26 5 25 2 19 1 15 1 14 1 20 1 27 4
54 27 51 185 53 392 46 51 50 120 40 23 44 42 41 32 43 39 38 18 42 35 37 10 36 11 35 5 48 62 49 80 47 58 39 29 45 38 52 247 34 9 33 9 31 5 32 6 30 3 28 2 26 1 27 1
55 29 54 373 51 147 53 310 46 40 50 92 40 22 44 29 41 26 43 36 38 13 42 34 37 9 36 8 35 5 48 50 49 62 47 42 39 21 45 33 52 207 34 6 33 6 31 6 32 9 30 7 28 4 29 2 26 2 27 2
56 30 55 400 54 287 51 106 53 235 46 28 50 70 40 18 44 19 41 20 43 21 38 15 42 23 37 8 36 6 35 6 48 36 49 55 47 36 39 19 45 21 52 170 34 5 33 4 31 4 32 3 30 1 28 3 29 2 26 1 27 1
57 25 55 259 56 342 54 191 51 106 53 163 46 27 50 74 40 13 44 23 41 7 43 19 38 6 42 18 37 3 36 3 35 3 48 34 49 39 47 32 39 9 45 23 52 132 34 2 33 1 32 1
58 29 57 341 55 178 56 230 54 126 51 98 53 116 46 19 50 70 40 11 44 23 41 10 43 23 38 7 42 21 37 5 36 8 35 6 48 31 49 37 47 21 39 10 45 19 52 89 34 3 33 3 31 2 30 2 28 1 29 2
59 21 58 324 57 207 55 107 56 139 54 77 51 71 53 71 46 9 50 57 40 5 44 7 41 7 43 9 38 3 42 11 48 23 49 28 47 17 39 4 45 7 52 62
60 28 58 226 57 130 55 57 59 306 56 75 54 35 51 54 53 32 46 16 50 54 40 4 44 10 41 9 43 10 38 2 42 13 37 3 36 4 35 3 48 29 49 35 47 23 39 2 45 10 52 38 34 2 33 2 32 1
61 34 60 287 58 154 57 95 55 34 59 193 56 55 54 12 51 47 53 15 46 22 50 47 40 8 44 12 41 16 43 16 38 4 42 21 37 4 36 2 35 1 48 31 49 39 47 28 39 8 45 19 52 26 34 1 33 1 31 1 32 1 30 1 28 1 29 1 27 1
62 45 60 165 58 83 57 38 55 5 61 272 59 100 56 12 54 2 51 26 53 2 46 23 50 30 40 11 44 17 41 13 43 18 38 8 42 16 37 4 48 32 49 27 47 29 39 9 45 22 52 11 31 1 32 1 30 1 28 4 23 6 29 3 26 6 18 4 24 4 25 5 19 6 16 4 15 2 14 2 21 2 20 6 13 1 17 6 27 3 22 7
63 44 62 292 60 97 58 49 57 11 61 173 59 66 56 2 51 15 46 29 50 22 40 12 44 22 41 14 43 22 38 9 42 21 37 6 36 3 35 3 48 29 49 24 47 31 39 12 45 28 52 3 33 1 31 6 32 6 30 11 28 14 23 4 29 16 26 8 18 3 24 5 25 7 19 6 16 2 15 1 21 6 20 9 17 3 27 6 22 6
64 33 62 217 63 303 60 80 58 39 57 14 55 2 61 142 59 52 56 3 51 19 46 17 50 22 40 10 44 14 41 14 43 15 38 6 42 15 37 4 36 1 48 28 49 25 47 22 39 10 45 15 52 5 33 1 31 7 32 8 30 10 28 6 29 12 27 1
65 32 62 164 63 211 60 73 64 335 58 37 57 11 55 2 61 120 59 42 56 3 51 21 46 14 50 28 40 6 44 11 41 8 43 9 38 5 42 10 37 2 36 1 35 1 48 27 49 24 47 22 39 8 45 15 52 7 34 1 33 2 31 1 32 1
66 33 65 373 62 149 63 185 60 80 64 250 58 52 57 28 55 4 61 131 59 57 56 6 54 2 51 28 53 2 46 12 50 38 40 5 44 7 41 7 43 7 38 2 42 8 37 2 36 1 48 32 49 34 47 19 39 7 45 13 52 12 33 1 31 1 32 1
67 31 66 376 65 283 62 119 63 151 60 58 64 208 58 29 57 13 55 3 61 92 59 37 56 3 51 12 46 10 50 15 40 2 44 7 41 6 43 5 38 2 42 6 37 1 36 1 35 1 48 13 49 19 47 15 39 4 45 8 52 4 34 1
68 31 66 300 65 246 62 121 63 132 60 54 67 408 64 190 58 20 57 7 55 2 61 101 59 37 56 2 51 16 46 8 50 20 40 2 44 7 41 3 43 5 38 2 42 5 37 1 36 1 35 1 48 14 49 17 47 14 39 4 45 9 52 4
69 28 66 264 65 220 68 407 62 102 63 116 60 56 67 310 64 160 58 29 57 10 55 2 61 96 59 40 56 3 51 16 46 4 50 18 44 3 41 2 43 5 38 1 42 4 48 14 49 15 47 12 39 1 45 5 52 6
70 34 66 215 65 190 68 294 62 110 69 369 63 114 60 64 67 246 64 141 58 34 57 14 55 3 61 99 59 45 56 4 51 13 46 5 50 17 40 3 44 7 41 3 43 6 38 3 42 3 37 3 36 2 35 2 48 9 49 11 47 10 39 2 45 8 52 6 33 1
71 32 70 378 66 183 65 145 68 241 62 93 69 297 63 91 60 76 67 202 64 113 58 48 57 23 55 7 61 105 59 55 56 8 54 2 51 11 53 3 46 4 50 11 40 1 44 3 41 1 43 2 42 1 48 7 49 9 47 6 39 1 45 4 52 6
72 37 70 313 66 152 71 361 65 129 68 187 62 91 69 246 63 83 60 72 67 156 64 103 58 44 57 18 55 4 61 98 59 50 56 5 54 2 51 10 53 2 46 2 50 14 40 1 44 3 41 2 43 4 38 2 42 2 37 1 36 1 35 1 48 5 49 8 47 5 39 2 45 6 52 7
73 29 72 375 70 264 66 130 71 303 65 107 68 159 62 76 69 209 63 70 60 52 67 133 64 85 58 31 57 11 55 4 61 77 59 36 56 4 54 1 51 9 53 1 50 9 44 1 43 1 48 3 49 4 47 2 45 2 52 5
74 28 73 355 72 273 70 213 66 100 71 238 65 82 68 141 62 54 69 180 63 52 60 36 67 113 64 64 58 18 57 7 55 2 61 56 59 27 56 3 51 5 50 6 44 2 43 2 48 4 49 4 47 2 45 3 52 2
75 29 74 383 73 266 72 200 70 182 66 84 71 206 65 70 68 121 62 45 69 159 63 46 60 25 67 88 64 47 58 12 57 2 61 46 59 16 51 4 46 1 50 6 44 2 41 1 43 3 42 1 48 7 49 6 47 3 45 4
76 28 75 376 74 341 73 245 72 199 70 180 66 77 71 195 65 67 68 136 62 36 69 163 63 36 60 17 67 95 64 46 58 6 57 2 61 35 59 12 51 2 46 1 50 4 44 1 43 1 48 4 49 4 47 1 45 2
77 28 75 297 74 282 73 217 72 184 70 186 76 335 66 99 71 198 65 81 68 135 62 45 69 176 63 44 60 15 67 111 64 63 58 5 61 44 59 11 51 1 46 2 50 4 44 2 43 1 48 3 49 5 47 2 45 3
78 29 77 310 75 220 74 190 73 147 72 130 70 152 76 256 66 92 71 142 65 84 68 129 62 43 69 149 63 48 60 18 67 108 64 66 58 5 61 43 59 10 51 2 46 3 50 4 44 2 43 1 48 4 49 5 47 2 45 3
79 32 77 225 75 168 74 142 73 103 72 90 70 110 76 183 78 382 66 80 71 111 65 82 68 118 62 47 69 116 63 47 60 9 67 94 64 59 58 1 61 40 59 6 46 2 50 4 40 1 44 5 41 1 43 2 42 1 48 5 49 7 47 5 45 4
80 32 79 303 77 146 75 91 74 70 73 46 72 36 70 72 76 101 78 204 66 63 71 56 65 72 68 82 62 42 69 84 63 43 67 78 64 58 61 30 46 6 50 4 40 2 44 4 41 2 43 2 38 2 42 2 48 7 49 6 47 6 39 2 45 6
81 32 79 193 77 91 75 44 74 28 73 6 72 7 70 40 76 52 80 303 78 147 66 44 71 22 65 49 68 63 62 29 69 62 63 28 67 60 64 41 61 15 46 5 40 2 44 2 41 3 43 4 38 2 42 3 48 3 49 2 47 5 39 2 45 3
82 30 79 104 77 47 75 5 81 299 70 18 76 18 80 165 78 74 66 31 71 1 65 46 68 47 62 27 69 39 63 29 67 48 64 40 61 11 46 5 40 2 44 4 41 2 43 4 38 1 42 3 48 3 49 1 47 4 39 1 45 4
83 28 79 48 77 12 82 255 81 165 70 2 80 97 78 41 66 17 65 22 68 15 62 17 69 10 63 22 67 19 64 22 61 5 46 4 40 1 44 3 41 2 43 2 38 1 42 3 48 3 49 1 47 4 39 1 45 2
84 19 79 5 82 155 83 294 81 81 80 33 65 7 62 6 63 6 64 8 46 1 40 1 44 2 41 1 38 1 42 1 48 1 47 2 39 1 45 1
85 11 79 2 82 113 84 277 83 165 81 49 80 19 65 4 62 4 63 5 67 2 64 6
86 30 85 256 79 3 82 110 84 216 83 141 81 51 80 24 65 5 62 6 63 6 67 1 64 8 46 1 40 1 44 1 41 1 43 1 47 1 45 1 31 1 28 1 23 1 29 1 26 1 18 1 25 1 19 1 21 1 27 1 22 1
87 45 86 298 85 185 79 12 82 108 84 184 83 140 81 55 80 34 78 1 66 4 65 11 68 2 62 7 63 15 67 2 64 13 46 6 40 7 44 6 41 3 43 5 38 4 42 3 37 1 36 1 48 1 47 1 39 6 45 7 31 1 32 1 30 3 28 4 23 2 29 3 26 2 18 1 24 3 25 1 19 3 16 2 21 1 20 5 17 2 22 4
88 50 86 238 85 156 79 22 82 90 84 149 83 129 81 60 80 47 78 8 66 4 65 15 68 4 62 15 69 1 63 34 67 3 64 20 87 288 46 12 40 9 44 11 41 7 43 10 38 7 42 6 37 3 36 3 35 2 48 3 47 4 39 8 45 11 33 1 31 6 32 5 30 6 28 10 23 7 29 11 26 4 18 3 24 6 25 7 19 6 16 2 21 5 20 7 17 3 27 4 22 4
89 54 86 195 85 152 79 32 82 108 84 145 83 138 88 288 81 74 80 47 78 20 66 17 65 20 68 14 62 22 69 5 63 42 67 15 64 27 87 256 61 2 46 10 40 10 44 13 41 5 43 12 38 9 42 8 37 4 36 5 35 4 48 5 49 1 47 6 39 7 45 12 34 3 33 3 31 9 32 7 30 9 28 10 23 4 29 13 26 6 18 3 24 5 25 4 19 5 16 4 21 4 20 7 17 3 27 3 22 6
90 56 86 158 85 112 89 308 79 37 77 2 82 110 84 116 83 128 88 274 81 83 80 58 78 31 66 26 65 31 68 20 62 27 69 9 63 42 67 22 64 36 87 208 61 2 46 9 40 10 44 12 41 5 43 10 38 8 42 6 37 5 36 5 35 3 48 4 49 2 47 3 39 8 45 10 34 3 33 4 31 8 32 7 30 7 28 11 23 6 29 13 26 6 18 4 24 6 25 6 19 8 16 3 21 4 20 9 17 5 27 2 22 7
91 58 86 144 85 103 90 343 89 281 79 35 77 4 82 103 84 111 83 122 88 264 81 75 80 57 78 27 66 34 65 40 68 23 62 25 69 12 63 46 67 30 64 38 87 209 61 3 46 11 40 9 44 15 41 6 43 12 38 9 42 7 37 5 36 4 35 3 48 5 49 2 47 4 39 6 45 12 34 3 33 4 31 7 32 5 30 7 28 10 23 6 29 12 26 6 18 5 24 7 25 7 19 9 16 5 15 1 21 8 20 9 17 6 27 4 22 6
92 60 86 136 85 106 90 309 89 263 79 37 77 4 82 106 84 100 83 114 91 321 88 225 81 85 70 1 80 58 78 31 66 33 65 31 68 28 62 26 69 13 63 41 67 27 64 33 87 193 61 5 46 17 40 8 44 18 41 8 43 15 38 10 42 12 37 5 36 4 35 2 48 10 49 2 47 9 39 8 45 16 34 2 33 4 31 7 32 6 30 7 28 9 23 6 29 12 26 5 18 4 24 6 25 7 19 7 16 3 15 1 21 6 20 6 17 5 27 4 22 5
93 62 92 359 86 100 85 75 90 253 89 234 79 45 77 14 82 95 84 88 83 93 91 284 88 195 81 81 70 3 80 64 78 36 66 44 65 43 68 37 62 23 69 21 63 50 67 46 64 38 57 1 87 161 61 6 46 15 40 10 44 22 41 8 43 14 38 9 42 8 37 6 36 9 35 6 48 8 49 2 47 7 39 8 45 18 34 6 33 6 31 8 32 6 30 7 28 10 23 8 29 12 26 7 18 5 24 9 25 8 19 11 16 5 15 1 21 9 20 12 17 6 27 5 22 9
94 62 93 369 92 296 86 91 85 58 90 228 89 203 79 46 77 18 82 85 84 60 83 75 91 244 88 181 81 76 70 4 76 1 80 55 78 37 66 46 65 43 68 42 62 28 69 26 63 49 67 45 64 37 87 131 61 7 46 19 40 12 44 17 41 8 43 14 38 9 42 10 37 7 36 6 35 4 48 10 49 2 47 10 39 8 45 18 34 4 33 3 31 5 32 5 30 5 28 8 23 5 29 9 26 8 18 3 24 10 25 9 19 10 16 5 21 9 20 10 17 4 27 6 22 8
95 64 93 312 92 259 86 69 85 49 90 193 89 170 79 52 77 21 82 68 84 47 83 62 94 352 91 213 88 157 81 68 70 9 76 5 80 57 78 42 66 46 71 1 65 50 68 42 62 24 69 26 63 52 67 47 64 49 87 116 61 8 46 16 40 7 44 15 41 6 43 11 38 10 42 9 37 5 36 7 35 4 48 10 49 3 47 8 39 7 45 18 34 4 33 4 31 6 32 6 30 7 28 7 23 4 29 11 26 6 18 2 24 7 25 5 19 7 16 4 21 6 20 5 17 3 27 6 22 3
96 66 93 270 95 352 92 202 86 64 85 45 90 159 89 153 79 53 77 23 82 76 84 50 83 55 75 1 94 294 91 173 88 133 81 73 70 10 76 7 80 56 78 47 66 51 71 1 65 48 68 43 62 37 69 29 63 55 67 48 64 51 87 105 61 11 46 20 40 6 44 15 41 6 43 11 38 9 42 10 37 6 36 4 35 3 48 11 49 4 47 10 39 5 45 16 34 2 33 2 31 2 32 3 30 5 28 9 23 5 29 10 26 8 18 1 24 6 25 6 19 7 16 2 21 6 20 7 17 4 27 5 22 4
97 65 96 334 93 237 95 299 92 196 86 66 85 43 90 154 89 152 79 51 77 29 82 72 84 51 83 52 75 11 94 246 91 167 88 133 81 70 74 4 73 1 72 1 70 19 76 14 80 59 78 45 66 50 71 8 65 53 68 45 62 22 69 34 63 52 67 47 64 50 87 101 61 12 46 15 40 11 44 16 41 7 43 8 38 9 42 10 37 3 36 5 35 3 48 9 49 3 47 9 39 7 45 11 34 4 33 3 31 6 32 6 30 6 28 13 23 3 29 12 26 3 24 3 25 2 21 2 20 2 27 7
98 60 96 296 93 205 95 255 92 156 86 58 85 39 90 130 89 135 79 64 77 38 82 62 84 41 83 47 75 20 97 329 94 210 91 146 88 99 81 61 74 15 73 10 72 8 70 26 76 22 80 64 78 52 66 63 71 12 65 58 68 49 62 38 69 40 63 52 67 57 64 56 87 81 61 20 46 11 50 1 40 7 44 11 41 4 43 5 38 8 42 6 37 5 36 5 35 2 48 11 49 6 47 10 39 7 45 9 34 3 31 6 32 7 30 7 28 6 29 9 27 2
99 64 96 255 98 343 93 174 95 221 92 146 86 54 85 37 90 106 89 110 79 47 77 31 82 62 84 44 83 40 75 12 97 293 94 175 91 126 88 86 81 59 74 15 73 10 72 9 70 26 76 19 80 53 78 35 66 47 71 17 65 55 68 51 62 29 69 36 63 47 60 1 67 47 64 59 87 70 61 15 59 1 46 6 50 2 40 6 44 5 41 2 43 2 38 6 42 4 37 3 36 6 35 2 48 6 49 6 47 7 39 5 45 4 34 3 33 1 31 11 32 10 30 10 28 6 29 12 27 1
100 67 96 231 99 340 98 303 93 149 95 209 92 110 86 48 85 32 90 96 89 86 79 62 77 41 82 59 84 35 83 33 75 17 97 254 94 162 91 100 88 79 81 49 74 19 73 18 72 15 70 35 76 29 80 55 78 53 66 57 71 21 65 69 68 57 62 38 69 45 63 57 60 6 67 53 64 71 58 3 87 65 61 20 59 3 51 1 46 6 50 4 40 7 44 7 41 5 43 5 38 10 42 5 37 5 36 7 35 3 48 2 49 5 47 4 39 10 45 6 34 4 33 2 31 7 32 5 30 6 28 4 29 7 27 1
101 67 96 172 99 228 98 208 93 104 95 136 92 82 86 35 85 21 90 57 89 56 79 58 77 42 82 44 84 20 83 27 75 29 100 261 97 181 94 105 91 58 88 43 81 44 74 33 73 21 72 25 70 41 76 33 80 47 78 55 66 59 71 26 65 64 68 58 62 33 69 51 63 45 60 7 67 57 64 63 58 4 87 38 61 20 59 8 51 2 46 3 50 1 40 11 44 6 41 9 43 4 38 12 42 8 37 5 36 6 35 2 48 3 49 1 47 4 39 12 45 2 34 3 33 1 31 1 32 3 30 1 28 1 29 1
102 65 96 138 99 199 98 185 93 94 95 126 92 79 101 310 86 34 85 24 90 64 89 56 79 57 77 41 82 38 84 27 83 26 75 20 100 214 97 170 94 103 91 65 88 42 81 39 74 32 73 24 72 27 70 43 76 31 80 49 78 50 66 60 71 29 65 67 68 63 62 29 69 53 63 42 60 5 67 66 64 57 58 1 87 34 61 16 59 3 51 1 46 3 50 2 40 14 44 3 41 11 43 6 38 13 42 11 37 5 36 7 35 2 48 3 49 3 47 4 39 15 45 4 34 4 33 2 31 1 32 2
103 64 96 124 99 145 98 139 93 75 95 106 92 61 102 289 101 231 86 22 85 14 90 45 89 42 79 47 77 42 82 35 84 18 83 20 75 26 100 152 97 122 94 87 91 56 88 26 81 30 74 35 73 26 72 26 70 49 76 37 80 41 78 50 66 56 71 33 65 57 68 63 62 31 69 58 63 42 60 6 67 68 64 61 58 1 87 24 61 15 59 4 51 1 46 2 50 3 40 7 44 3 41 7 43 3 38 7 42 6 37 3 36 3 35 1 48 2 49 6 47 3 39 7 45 4 34 2 32 1
104 68 96 103 99 120 98 139 93 80 95 93 92 59 102 230 101 176 86 30 85 10 90 49 89 42 79 50 77 40 82 37 84 13 83 17 75 29 103 288 100 139 97 111 94 81 91 57 88 29 81 40 74 33 73 31 72 33 70 52 76 42 80 43 78 46 66 59 71 39 65 60 68 69 62 29 69 48 63 35 60 8 67 68 64 53 58 2 87 24 55 1 61 19 59 8 56 1 51 2 53 1 46 3 50 5 40 7 44 5 41 7 43 7 38 5 42 8 37 2 36 1 35 1 48 3 49 6 47 3 39 7 45 4 34 2 32 1
105 66 96 103 99 111 98 119 93 77 95 92 92 59 102 165 101 145 86 24 85 13 90 47 89 42 79 50 77 38 82 36 84 17 83 19 75 25 104 230 103 194 100 123 97 107 94 76 91 59 88 35 81 40 74 33 73 26 72 31 70 37 76 30 80 44 78 42 66 53 71 32 65 53 68 57 62 23 69 49 63 28 60 6 67 56 64 44 58 2 87 29 61 14 59 4 51 2 46 1 50 2 40 3 44 3 41 5 43 4 38 4 42 4 37 1 36 1 35 1 48 3 49 3 47 4 39 3 45 4 34 1 32 1
106 68 105 179 96 72 99 104 98 92 93 54 95 73 92 45 102 126 101 111 86 6 85 5 90 28 89 24 79 35 77 30 82 25 84 9 83 16 75 23 104 176 103 145 100 108 97 74 94 62 91 34 88 16 81 31 74 30 73 29 72 34 70 48 76 26 80 40 78 30 66 49 71 37 65 50 68 51 62 20 69 46 63 34 60 4 67 46 64 49 58 1 57 1 87 10 61 10 59 1 51 1 46 2 50 3 40 1 44 1 41 3 43 1 38 2 42 3 37 1 36 1 35 1 48 3 49 5 47 6 39 1 45 3 34 1 32 1
107 70 105 119 96 73 106 254 99 80 98 78 93 48 95 61 92 34 102 103 101 99 86 13 85 7 90 21 89 17 79 46 77 41 82 23 84 9 83 10 75 25 104 127 103 121 100 91 97 68 94 50 91 24 88 13 81 27 74 31 73 26 72 30 70 44 76 29 80 37 78 39 66 52 71 40 65 49 68 58 62 25 69 57 63 32 60 3 67 49 64 45 58 3 57 2 87 11 55 1 61 16 59 1 56 1 54 1 53 1 50 1 44 2 41 1 43 1 38 1 42 1 37 1 36 1 35 1 48 1 49 2 47 2 45 2 52 1 34 1 32 1
108 69 105 76 96 60 106 186 99 73 98 74 93 40 95 50 92 26 107 257 102 80 101 87 86 5 85 2 90 20 89 11 79 41 77 40 82 14 84 6 83 6 75 30 104 86 103 99 100 80 97 57 94 41 91 21 88 9 81 26 74 35 73 30 72 31 70 56 76 33 80 34 78 45 66 46 71 44 65 43 68 57 62 18 69 62 63 27 60 5 67 54 64 42 58 3 57 1 87 10 55 1 61 13 59 4 56 1 54 1 51 1 53 1 50 2 41 1 38 1 42 1 37 1 36 1 35 1 49 1 47 1 45 1 52 1 34 1 32 1
109 55 105 58 96 34 108 277 106 130 99 44 98 45 93 18 95 29 92 11 107 171 102 65 101 61 86 1 85 1 90 6 89 7 79 37 77 37 82 11 83 1 75 28 104 62 103 71 100 50 97 38 94 19 91 11 88 1 81 20 74 32 73 31 72 32 70 52 76 38 80 29 78 43 66 43 71 41 65 30 68 57 62 12 69 52 63 17 60 2 67 41 64 31 87 1 61 8 59 1 50 1 41 1 42 1 49 1 47 1 45 1
110 55 109 303 105 54 96 21 108 198 106 98 99 34 98 33 93 15 95 20 92 6 107 128 102 58 101 49 86 2 90 7 89 4 79 38 77 34 82 14 84 1 83 5 75 28 104 54 103 59 100 45 97 23 94 15 91 5 88 1 81 20 74 33 73 25 72 29 70 44 76 31 80 31 78 36 66 40 71 37 65 28 68 54 62 10 69 54 63 18 60 4 67 47 64 28 58 2 57 1 87 2 61 6 59 1 50 1 49 1 45 1
111 53 109 210 105 40 96 16 108 146 110 330 106 91 99 30 98 25 93 14 95 17 92 5 107 105 102 46 101 37 86 1 90 7 89 4 79 30 77 32 82 16 84 1 83 4 75 25 104 39 103 43 100 36 97 22 94 13 91 6 88 1 81 20 74 29 73 28 72 32 70 36 76 31 80 29 78 31 66 24 71 31 65 18 68 44 62 5 69 39 63 12 60 1 67 31 64 18 87 2 61 2 50 1 49 1 45 1
112 50 109 171 105 49 96 17 108 123 110 252 111 332 106 82 99 31 98 25 93 10 95 17 92 4 107 95 102 45 101 39 86 1 90 4 89 4 79 21 77 20 82 12 84 1 83 3 75 17 104 55 103 49 100 32 97 20 94 12 91 4 88 1 81 14 74 16 73 15 72 19 70 19 76 20 80 20 78 22 66 24 71 23 65 19 68 32 62 3 69 33 63 11 67 31 64 17 87 1 61 2
113 51 109 162 105 32 96 12 108 104 112 367 110 202 111 253 106 66 99 23 98 22 93 10 95 16 92 4 107 84 102 31 101 27 90 4 89 4 79 20 77 21 82 8 83 4 75 17 104 39 103 38 100 19 97 18 94 10 91 4 81 13 74 22 73 17 72 20 70 25 76 22 80 19 78 23 66 16 71 22 65 13 68 30 62 4 69 30 63 9 60 1 67 25 64 10 61 2 50 1 49 1 45 1
114 48 109 127 105 32 96 12 108 93 113 321 112 240 110 159 111 178 106 60 99 20 98 22 93 8 95 12 92 4 107 65 102 32 101 27 90 3 89 3 79 14 77 10 82 5 83 3 75 11 104 34 103 35 100 26 97 17 94 8 91 3 81 11 74 17 73 15 72 15 70 19 76 19 80 14 78 15 66 14 71 18 65 11 68 18 62 4 69 23 63 8 67 19 64 7 61 2
115 49 109 123 105 31 96 12 114 328 108 85 113 237 112 207 110 152 111 167 106 69 99 18 98 23 93 10 95 12 92 3 107 73 102 27 101 24 90 1 89 1 79 8 77 8 82 4 83 2 75 10 104 33 103 29 100 20 97 15 94 8 91 2 81 5 74 11 73 10 72 13 70 15 76 10 80 7 78 10 66 13 71 16 65 9 68 18 62 4 69 21 63 6 67 15 64 7 61 3
116 47 109 109 115 321 105 32 96 10 114 235 108 83 113 198 112 169 110 134 111 146 106 61 99 20 98 20 93 10 95 9 92 3 107 73 102 30 101 21 79 9 77 9 82 4 75 11 104 40 103 32 100 23 97 14 94 8 91 1 81 7 74 11 73 12 72 11 70 13 76 11 80 8 78 9 66 15 71 13 65 7 68 16 62 3 69 15 63 4 67 14 64 5 61 2
117 50 109 99 116 368 115 234 105 26 96 9 114 171 108 70 113 161 112 139 110 115 111 109 106 68 99 16 98 18 93 5 95 7 92 3 107 65 102 30 101 24 90 4 89 3 79 5 77 5 82 1 75 8 104 42 103 38 100 17 97 11 94 6 91 3 81 5 74 5 73 4 72 6 70 7 76 5 80 6 78 9 66 10 71 8 65 4 68 10 62 4 69 6 63 3 67 7 64 4 61 2
118 49 117 363 109 74 116 257 115 164 105 23 96 5 114 131 108 59 113 112 112 108 110 94 111 93 106 52 99 8 98 4 93 3 95 5 107 53 102 32 101 22 90 1 89 1 79 4 77 3 75 6 104 39 103 34 100 10 97 5 94 4 91 1 81 2 74 6 73 4 72 4 70 4 76 7 80 4 78 5 66 5 71 6 65 3 68 7 62 1 69 5 63 1 67 6 64 2 61 1
119 50 118 356 117 266 109 67 116 196 115 120 105 18 96 4 114 111 108 52 113 98 112 88 110 79 111 78 106 46 99 8 98 8 93 2 95 3 107 50 102 23 101 17 90 1 89 1 79 5 77 3 75 2 104 28 103 24 100 10 97 6 94 2 91 1 81 2 74 2 73 1 72 3 70 4 76 3 80 4 78 5 66 4 71 4 65 3 68 6 62 2 69 4 63 1 67 6 64 2 61 2
120 50 118 264 117 201 109 47 119 351 116 151 115 85 105 16 96 5 114 74 108 31 113 67 112 59 110 53 111 53 106 36 99 9 98 10 93 3 95 4 107 32 102 19 101 17 90 1 89 1 79 3 77 1 75 5 104 28 103 25 100 14 97 8 94 3 91 1 81 1 74 5 73 5 72 5 70 5 76 3 80 4 78 4 66 3 71 5 65 2 68 3 62 1 69 4 67 6 64 1 61 1
121 43 118 207 117 172 109 39 120 357 119 264 116 136 115 83 105 16 96 3 114 65 108 30 113 57 112 55 110 47 111 42 106 30 99 7 98 6 93 2 95 3 107 31 102 19 101 15 90 1 89 1 79 2 104 27 103 21 100 9 97 5 94 2 91 1 72 1 70 1 76 1 80 2 78 2 66 3 71 2 65 1 68 3 69 1 67 3
122 48 118 179 117 149 109 45 120 281 119 216 116 121 115 78 105 18 96 2 121 353 114 69 108 34 113 62 112 59 110 51 111 44 106 30 99 6 98 6 93 1 95 2 107 32 102 17 101 17 79 4 77 2 75 2 104 26 103 21 100 10 97 4 94 1 81 1 74 2 73 2 72 2 70 2 76 2 80 3 78 4 66 1 71 3 65 1 68 2 62 1 69 2 67 2 61 1
123 49 118 160 117 136 109 41 120 206 119 178 116 109 115 79 105 15 96 1 122 368 121 268 114 63 108 31 113 57 112 55 110 46 111 48 106 31 99 4 98 4 95 1 107 29 102 13 101 10 79 3 77 2 75 1 104 22 103 19 100 5 97 2 81 1 74 1 73 1 72 2 70 2 76 2 80 1 78 3 66 2 71 4 65 2 68 2 62 1 69 2 63 1 67 2 64 1 61 1
124 40 123 383 118 123 117 112 109 35 120 165 119 147 116 93 115 73 105 15 96 1 122 273 121 189 114 53 108 32 113 54 112 46 110 33 111 36 106 27 99 3 98 3 95 1 107 26 102 12 101 9 79 1 104 23 103 18 100 5 97 2 72 1 70 1 80 1 78 1 66 2 71 2 65 1 68 2 69 1 67 1
125 41 124 332 123 269 118 114 117 100 109 33 120 143 119 129 116 82 115 65 105 12 96 1 122 215 121 165 114 53 108 25 113 48 112 45 110 35 111 39 106 19 99 3 98 2 95 1 107 21 102 8 101 8 79 1 104 15 103 13 100 4 97 2 72 1 70 1 80 1 78 1 66 2 71 2 65 1 68 2 69 1 67 1
126 37 124 259 123 217 118 103 117 81 109 26 120 121 119 124 116 65 115 45 105 7 125 309 122 200 121 152 114 43 108 23 113 37 112 37 110 30 111 28 106 17 99 1 107 16 102 3 101 3 79 1 104 9 103 5 100 4 70 1 80 1 78 1 66 1 71 2 65 1 68 1 69 1 67 1
127 33 124 209 123 181 118 105 117 86 109 24 126 335 120 109 119 112 116 66 115 52 105 4 125 248 122 158 121 133 114 49 108 19 113 44 112 37 110 32 111 24 106 17 99 1 107 16 102 3 101 3 79 2 104 5 103 7 100 2 72 1 80 2 78 2 71 1
128 33 127 319 124 159 123 157 118 94 117 79 109 28 126 244 120 96 119 95 116 69 115 42 105 6 125 179 122 131 121 103 114 37 108 20 113 34 112 35 110 32 111 25 106 15 107 13 102 1 101 1 79 1 104 7 103 5 100 2 72 2 80 1 78 1 71 2
129 32 128 348 127 238 124 142 123 125 118 77 117 61 109 19 126 190 120 76 119 68 116 52 115 41 105 6 125 154 122 114 121 83 114 35 108 19 113 25 112 28 110 20 111 21 106 13 107 19 102 3 101 1 79 1 104 5 103 6 100 1 80 1 78 1
130 32 129 353 128 281 127 208 124 123 123 126 118 70 117 54 109 21 126 164 120 83 119 68 116 47 115 33 105 5 125 140 122 109 121 82 114 37 108 12 113 33 112 30 110 22 111 14 106 9 107 12 79 2 77 1 104 3 103 2 100 1 80 1 78 2
131 32 130 355 129 280 128 229 127 174 124 120 123 118 118 59 117 49 109 14 126 142 120 70 119 70 116 37 115 31 105 3 125 128 122 101 121 86 114 27 108 15 113 30 112 25 110 21 111 18 106 6 99 1 107 8 102 1 101 1 104 3 103 2 100 2
132 33 130 270 129 237 128 196 131 358 127 160 124 94 123 87 118 45 117 42 109 17 126 119 120 55 119 48 116 31 115 26 105 4 125 115 122 71 121 61 114 28 108 14 113 24 112 20 110 13 111 14 106 6 99 1 107 5 102 1 101 1 104 3 103 2 100 2
133 34 130 225 129 202 128 167 132 336 131 283 127 137 124 96 123 97 118 46 117 44 109 13 126 110 120 56 119 51 116 34 115 33 105 2 125 108 122 69 121 60 114 27 108 13 113 25 112 22 110 14 111 13 106 5 99 1 107 6 102 1 101 1 104 3 103 1 100 2
134 31 130 195 129 183 128 162 132 267 131 235 127 127 124 70 123 74 133 329 118 31 117 29 109 6 126 87 120 45 119 38 116 26 115 17 105 4 125 80 122 56 121 51 114 17 108 6 113 9 112 10 110 8 111 7 106 5 107 6 104 1 100 1
135 35 130 178 134 354 129 158 128 140 132 204 131 203 127 109 124 74 123 79 133 246 118 26 117 25 109 10 126 90 120 43 119 37 116 26 115 18 105 2 125 79 122 66 121 51 114 17 108 9 113 13 112 15 110 12 111 8 106 3 107 8 79 1 104 2 100 2 80 1 78 1
136 33 130 162 134 283 129 148 128 138 132 188 131 171 127 102 124 70 123 67 135 361 133 210 118 20 117 17 109 4 126 79 120 40 119 38 116 15 115 14 105 2 125 68 122 52 121 47 114 8 108 4 113 9 112 6 110 6 111 4 106 3 107 3 104 1 100 1
137 33 136 390 130 126 134 219 129 110 128 104 132 166 131 160 127 87 124 61 123 51 135 281 133 177 118 19 117 12 109 2 126 64 120 31 119 24 116 14 115 11 105 1 125 60 122 44 121 36 114 11 108 3 113 8 112 4 110 5 111 2 106 1 107 1 103 1
138 34 136 283 130 122 134 171 129 107 128 95 132 146 131 133 127 79 124 52 123 41 135 222 133 143 137 364 118 15 117 15 109 4 126 69 120 30 119 26 116 12 115 10 105 2 125 56 122 37 121 38 114 10 108 3 113 6 112 6 110 5 111 3 106 1 107 2 103 1
139 31 136 237 130 112 134 167 129 99 128 85 132 139 131 126 127 73 124 46 123 36 135 204 133 138 138 345 137 291 118 7 117 9 109 4 126 59 120 23 119 19 116 10 115 10 125 42 122 30 121 32 114 9 108 2 113 6 112 7 110 5 111 4
140 34 136 186 139 307 130 93 134 138 129 77 128 70 132 104 131 106 127 56 124 42 123 33 135 175 133 113 138 244 137 208 118 8 117 10 109 1 126 42 120 18 119 19 116 7 115 7 105 1 125 42 122 32 121 25 114 8 113 4 112 4 110 4 111 4 106 1 107 1
141 33 136 193 139 220 140 303 130 86 134 118 129 76 128 61 132 92 131 86 127 46 124 31 123 29 135 163 133 108 138 219 137 202 118 5 117 6 109 1 126 40 120 18 119 15 116 5 115 3 105 1 125 33 122 27 121 23 114 1 113 2 110 2 111 1 106 1
142 35 141 360 136 151 139 164 140 222 130 57 134 95 129 60 128 45 132 71 131 66 127 43 124 27 123 23 135 131 133 75 138 165 137 157 118 8 117 7 109 3 126 34 120 15 119 19 116 8 115 6 125 26 122 18 121 21 114 4 108 1 113 4 112 4 110 2 111 4 107 2
143 30 142 364 141 279 136 128 139 152 140 188 130 62 134 88 129 60 128 44 132 60 131 59 127 37 124 24 123 20 135 103 133 64 138 136 137 146 118 6 117 6 126 36 120 9 119 13 116 4 115 2 125 30 122 16 121 14 114 1 113 1
144 34 143 371 142 284 141 214 136 114 139 124 140 159 130 48 134 87 129 42 128 34 132 57 131 48 127 28 124 13 123 9 135 88 133 62 138 121 137 125 118 5 117 5 126 24 120 8 119 9 116 3 115 3 125 18 122 12 121 9 114 2 108 1 113 2 112 1 110 1
145 36 143 270 142 221 144 316 141 186 136 99 139 120 140 144 130 49 134 80 129 47 128 42 132 57 131 55 127 29 124 20 123 12 135 85 133 63 138 115 137 115 118 4 117 5 109 1 126 23 120 7 119 6 116 4 115 4 125 23 122 11 121 12 114 4 113 2 112 1 110 1 111 2
146 51 0 6 145 192 143 126 142 91 144 190 141 83 136 35 139 44 140 55 130 5 134 24 129 6 128 3 132 14 131 7 127 2 124 1 135 32 133 13 138 44 137 35 126 4 120 1 119 2 125 1 121 1 23 1 18 4 24 1 25 1 19 2 16 4 15 4 11 5 14 5 9 4 8 5 21 3 20 2 13 4 4 6 17 1 22 1 12 6 10 4 3 6 6 5 5 6 1 5 7 7 2 5
147 58 0 11 145 174 143 113 142 85 144 170 141 81 136 29 139 44 140 58 130 6 134 24 129 6 128 4 132 13 131 7 127 3 124 2 123 2 135 30 133 13 146 264 138 44 137 34 126 2 120 2 119 2 125 2 122 3 121 2 30 1 28 1 23 3 26 2 18 5 24 2 25 1 19 2 16 5 15 5 11 4 14 6 9 3 8 5 21 5 20 4 13 4 4 9 17 3 27 2 22 3 12 5 10 3 3 10 6 7 5 8 1 10 7 8 2 10
148 53 0 10 147 255 145 136 143 97 142 73 144 140 141 67 136 22 139 42 140 45 130 4 134 12 129 6 128 2 132 8 131 6 127 2 135 20 133 12 146 216 138 35 137 26 126 3 119 2 125 1 121 1 23 3 26 1 18 7 24 2 25 1 19 3 16 6 15 5 11 5 14 5 9 5 8 7 21 4 20 4 13 5 4 8 17 4 27 2 22 3 12 6 10 4 3 9 6 8 5 7 1 9 7 8 2 11
149 53 0 12 147 225 148 241 145 115 143 92 142 66 144 127 141 68 136 23 139 44 140 49 130 3 134 15 129 2 132 9 131 7 135 25 133 10 146 185 138 33 137 26 126 2 120 1 125 1 30 1 28 1 23 4 26 2 18 5 24 3 25 2 19 3 16 7 15 6 11 5 14 8 9 4 8 6 21 6 20 4 13 6 4 10 17 5 27 2 22 3 12 7 10 4 3 12 6 8 5 10 1 9 7 10 2 11
150 50 0 14 149 256 147 192 148 213 145 108 143 77 142 59 144 105 141 52 136 17 139 33 140 38 130 2 134 10 129 1 128 1 132 5 131 6 127 1 135 15 133 9 146 154 138 25 137 19 126 1 23 3 18 7 24 1 19 3 16 7 15 6 11 6 14 7 9 8 8 9 21 6 20 5 13 6 4 12 17 5 27 1 22 2 12 9 10 7 3 13 6 12 5 12 1 12 7 13 2 15
151 58 0 17 149 206 147 151 148 154 150 257 145 80 143 63 142 48 144 86 141 45 136 11 139 22 140 30 130 4 134 7 129 2 128 1 132 6 131 5 127 1 124 1 123 1 135 13 133 4 146 116 138 14 137 13 120 1 121 1 30 1 28 1 23 4 26 1 18 9 24 2 25 3 19 5 16 10 15 8 11 10 14 11 9 11 8 13 21 6 20 7 13 10 4 15 17 8 27 1 22 4 12 11 10 9 3 16 6 16 5 14 1 14 7 16 2 18
152 52 0 18 151 277 149 178 147 127 148 136 150 224 145 63 143 50 142 35 144 61 141 32 136 10 139 17 140 20 130 3 134 5 129 1 132 3 131 4 135 9 133 4 146 94 138 14 137 12 28 1 23 6 26 3 18 11 24 4 25 4 19 8 16 10 15 10 11 11 14 13 9 14 8 15 21 8 20 9 13 13 4 16 17 11 27 3 22 5 12 14 10 12 3 18 6 16 5 16 1 15 7 18 2 18
153 58 0 17 152 299 151 238 149 155 147 107 148 116 150 196 145 58 143 45 142 32 144 64 141 32 136 10 139 18 140 22 130 4 134 6 129 3 128 2 132 5 131 5 127 1 135 10 133 6 146 85 138 15 137 12 126 1 120 1 30 1 28 2 23 7 26 3 18 11 24 4 25 5 19 7 16 11 15 11 11 10 14 12 9 13 8 13 21 8 20 9 13 11 4 15 17 9 27 2 22 5 12 12 10 13 3 17 6 15 5 16 1 16 7 17 2 16
154 56 0 17 153 300 152 267 151 227 149 139 147 101 148 108 150 182 145 53 143 41 142 28 144 60 141 30 136 6 139 18 140 25 130 3 134 3 129 2 132 4 131 4 135 6 133 3 146 80 138 12 137 9 120 1 30 1 28 2 23 6 26 4 18 11 24 4 25 3 19 6 16 10 15 11 11 8 14 12 9 13 8 13 21 8 20 8 13 11 4 14 17 10 27 3 22 5 12 11 10 10 3 17 6 17 5 15 1 14 7 17 2 18
155 58 0 19 153 273 152 235 151 197 149 131 147 93 148 97 154 326 150 162 145 46 143 40 142 33 144 62 141 34 136 6 139 15 140 22 130 3 134 4 129 2 132 5 131 5 135 6 133 5 146 75 138 13 137 7 126 1 120 1 30 1 28 2 23 6 26 3 18 10 24 4 25 4 19 6 16 10 15 9 11 8 14 11 9 13 8 14 21 9 20 8 13 11 4 16 17 9 27 2 22 4 12 9 10 11 3 19 6 18 5 18 1 18 7 16 2 20
156 60 0 18 153 230 155 313 152 201 151 174 149 107 147 72 148 78 154 293 150 137 145 39 143 40 142 25 144 51 141 26 136 4 139 15 140 16 130 2 134 3 129 1 132 5 131 4 135 4 133 2 146 60 138 9 137 7 126 1 120 1 30 1 28 3 23 7 29 1 26 3 18 8 24 5 25 5 19 7 16 8 15 8 11 7 14 11 9 12 8 13 21 7 20 7 13 11 4 18 17 9 27 3 22 4 12 9 10 10 3 19 6 17 5 17 1 14 7 18 2 18
157 58 0 15 156 277 153 208 155 266 152 172 151 152 149 95 147 64 148 72 154 247 150 123 145 33 143 25 142 17 144 39 141 16 136 4 139 12 140 12 130 2 134 3 129 1 132 3 131 3 135 4 133 2 146 47 138 8 137 7 28 2 23 5 29 1 26 2 18 5 24 3 25 2 19 4 16 4 15 6 11 4 14 7 9 8 8 10 21 6 20 4 13 8 4 15 17 5 27 3 22 3 12 6 10 8 3 16 6 12 5 13 1 11 7 13 2 15
158 58 0 15 157 305 156 262 153 184 155 244 152 161 151 139 149 88 147 59 148 67 154 229 150 114 145 37 143 23 142 16 144 39 141 18 136 3 139 12 140 12 130 1 129 1 132 2 131 2 135 3 133 2 146 50 138 9 137 5 28 2 23 4 29 1 26 2 18 5 24 3 25 2 19 5 16 5 15 6 11 5 14 8 9 8 8 10 21 5 20 5 13 9 4 16 17 6 27 3 22 3 12 7 10 8 3 16 6 12 5 14 1 11 7 15 2 15
159 61 0 15 157 268 158 307 156 244 153 162 155 225 152 153 151 134 149 82 147 59 148 62 154 205 150 102 145 30 143 24 142 15 144 33 141 16 136 5 139 11 140 10 130 2 134 4 129 1 132 3 131 4 135 4 133 3 146 47 138 8 137 7 126 1 30 1 28 2 23 6 26 3 18 6 24 5 25 2 19 4 16 5 15 6 11 5 14 8 9 7 8 8 21 7 20 7 13 8 4 13 17 6 27 2 22 3 12 7 10 6 3 15 6 12 5 14 1 13 7 12 2 14
160 61 0 20 157 194 158 230 156 198 159 260 153 141 155 189 152 136 151 114 149 75 147 46 148 52 154 176 150 89 145 25 143 21 142 17 144 34 141 16 136 3 139 8 140 9 134 1 132 2 131 2 135 2 133 1 146 37 138 4 137 3 126 1 30 1 28 3 23 6 29 1 26 4 18 9 24 5 25 3 19 6 16 8 15 10 11 10 14 11 9 10 8 15 21 8 20 8 13 15 4 21 17 8 27 3 22 4 12 10 10 13 3 23 6 18 5 19 1 19 7 21 2 19
161 62 0 19 160 242 157 164 158 175 156 170 159 215 153 126 155 163 152 119 151 98 149 64 147 40 148 51 154 150 150 78 145 22 143 16 142 14 144 24 141 15 136 3 139 5 140 5 134 2 132 1 131 1 135 1 133 1 146 31 138 5 137 2 126 1 30 1 28 2 23 4 29 1 26 4 18 9 24 4 25 3 19 6 16 10 15 13 11 13 14 15 9 14 8 16 21 7 20 8 13 16 4 18 17 9 27 3 22 4 12 13 10 14 3 21 6 18 5 18 1 18 7 20 2 19
162 62 0 21 160 205 157 135 158 151 156 137 161 238 159 175 153 97 155 136 152 94 151 76 149 58 147 39 148 47 154 118 150 72 145 19 143 13 142 8 144 23 141 11 136 2 139 7 140 8 134 1 132 2 131 1 135 2 133 2 146 29 138 5 137 2 126 1 28 1 23 6 29 1 26 4 18 9 24 4 25 4 19 8 16 10 15 12 11 13 14 14 9 14 8 17 21 8 20 8 13 16 4 23 17 8 27 3 22 5 12 13 10 16 3 25 6 19 5 20 1 21 7 21 2 21
163 64 0 18 160 147 157 94 162 251 158 110 156 103 161 173 159 125 153 75 155 93 152 66 151 57 149 43 147 28 148 36 154 90 150 52 145 15 143 10 142 7 144 21 141 9 136 3 139 5 140 4 134 1 132 1 131 1 133 1 146 22 138 4 137 2 126 1 31 1 32 1 30 1 28 2 23 5 26 3 18 7 24 4 25 2 19 6 16 7 15 10 11 12 14 14 9 15 8 18 21 7 20 7 13 13 4 19 17 7 27 3 22 2 12 14 10 14 3 20 6 20 5 20 1 18 7 20 2 18
164 67 0 17 160 113 157 87 162 195 158 98 156 90 161 138 159 106 153 65 163 245 155 86 152 52 151 53 149 42 147 34 148 42 154 77 150 49 145 19 143 16 142 10 144 25 141 12 136 3 139 8 140 8 134 1 132 1 131 1 135 1 133 1 146 28 138 5 137 3 126 1 31 1 32 1 30 1 28 3 23 7 29 1 26 4 18 8 24 5 25 3 19 7 16 8 15 8 11 11 14 12 9 12 8 15 21 7 20 7 13 12 4 20 17 7 27 4 22 6 12 11 10 11 3 19 6 18 5 17 1 17 7 16 2 16
165 62 0 19 160 86 157 62 162 155 158 65 156 67 161 101 159 76 153 57 163 186 155 67 152 50 151 44 164 226 149 31 147 27 148 29 154 63 150 34 145 13 143 13 142 5 144 18 141 7 136 2 139 4 140 5 135 2 146 18 138 2 137 1 31 1 32 1 30 1 28 2 23 9 26 4 18 11 24 5 25 4 19 9 16 12 15 10 11 15 14 14 9 16 8 19 21 8 20 8 13 16 4 21 17 8 27 3 22 9 12 17 10 17 3 23 6 21 5 21 1 18 7 20 2 21
166 65 0 18 160 77 157 55 162 120 158 58 156 66 165 229 161 84 159 65 153 53 163 146 155 67 152 47 151 43 164 189 149 32 147 27 148 23 154 62 150 35 145 13 143 11 142 6 144 20 141 7 136 1 139 3 140 6 132 1 135 1 146 23 138 2 137 1 31 1 32 1 30 1 28 2 23 5 29 1 26 4 18 11 24 3 25 2 19 9 16 12 15 11 11 17 14 16 9 22 8 22 21 6 20 7 13 19 4 22 17 9 27 3 22 6 12 16 10 22 3 23 6 22 5 25 1 17 7 19 2 21
167 65 0 17 166 229 160 49 157 39 162 87 158 44 156 38 165 161 161 58 159 42 153 38 163 105 155 47 152 35 151 31 164 129 149 24 147 19 148 25 154 42 150 30 145 7 143 13 142 8 144 17 141 9 136 1 139 4 140 7 135 1 146 15 138 3 137 1 31 2 32 1 30 1 28 3 23 8 29 2 26 5 18 13 24 5 25 4 19 8 16 16 15 15 11 20 14 17 9 22 8 23 21 6 20 8 13 20 4 22 17 14 27 4 22 7 12 17 10 22 3 21 6 24 5 21 1 19 7 18 2 20
168 66 0 32 166 198 160 52 157 36 167 221 162 74 158 37 156 44 165 137 161 60 159 39 153 39 163 83 155 45 152 34 151 30 164 102 149 25 147 21 148 17 154 42 150 23 145 11 143 11 142 7 144 17 141 8 136 1 139 5 140 9 132 1 135 1 146 18 138 4 137 1 31 2 32 1 30 1 28 2 23 9 26 4 18 18 24 6 25 8 19 15 16 21 15 21 11 34 14 26 9 34 8 34 21 10 20 12 13 27 4 37 17 15 27 3 22 10 12 30 10 36 3 41 6 37 5 33 1 30 7 33 2 35
169 66 0 35 166 167 160 33 157 24 167 189 162 65 158 22 156 27 168 259 165 120 161 46 159 22 153 26 163 76 155 29 152 26 151 25 164 95 149 21 147 16 148 16 154 27 150 22 145 7 143 10 142 6 144 10 141 7 136 1 139 3 140 6 135 1 146 12 138 2 137 1 31 2 32 1 30 1 28 1 23 11 26 2 18 19 24 8 25 7 19 16 16 26 15 26 11 37 14 27 9 39 8 42 21 11 20 14 13 29 4 44 17 20 27 2 22 14 12 36 10 39 3 46 6 46 5 39 1 34 7 35 2 38
170 67 0 41 166 114 160 24 157 15 167 137 162 41 158 13 156 18 169 232 168 176 165 84 161 37 159 13 153 20 163 52 155 22 152 19 151 18 164 66 149 13 147 11 148 13 154 20 150 15 145 6 143 8 142 7 144 10 141 7 136 1 139 6 140 8 135 1 146 10 138 2 137 2 31 2 32 1 30 1 28 3 23 14 26 3 18 26 24 10 25 6 19 19 16 26 15 28 11 39 14 33 9 42 8 44 21 12 20 15 13 30 4 47 17 23 27 2 22 15 12 36 10 43 3 45 6 48 5 44 1 42 7 37 2 45
171 66 0 36 170 211 166 101 160 15 157 4 167 107 162 24 158 5 156 15 169 167 168 143 165 65 161 24 159 8 153 17 163 35 155 19 152 18 151 15 164 45 149 8 147 9 148 9 154 20 150 13 145 4 143 9 142 6 144 9 141 7 139 2 140 4 146 8 138 1 137 1 31 2 32 1 30 1 28 3 23 11 26 1 18 25 24 7 25 3 19 20 16 31 15 34 11 38 14 33 9 43 8 43 21 15 20 17 13 31 4 45 17 26 27 2 22 15 12 37 10 46 3 42 6 44 5 42 1 38 7 38 2 45
172 70 0 32 170 153 166 68 171 228 160 7 157 1 167 69 162 12 158 2 156 8 169 109 168 95 165 43 161 11 159 4 153 10 163 18 155 10 152 10 151 8 164 27 149 5 147 7 148 8 154 10 150 7 145 1 143 8 142 5 144 8 141 5 136 1 139 4 140 6 135 1 146 6 138 2 137 2 31 2 32 1 30 2 28 4 23 14 29 1 26 1 18 22 24 8 25 4 19 18 16 26 15 30 11 38 14 31 9 42 8 39 21 11 20 15 13 27 4 37 17 21 27 2 22 14 12 34 10 39 3 34 6 39 5 35 1 33 7 35 2 39
173 53 0 36 172 225 170 112 166 34 171 174 167 41 169 71 168 55 165 18 163 3 164 6 147 2 148 2 143 3 142 3 144 3 141 3 139 2 140 3 146 2 138 1 137 1 31 1 30 1 28 4 23 16 29 2 26 2 18 19 24 8 25 4 19 19 16 24 15 29 11 34 14 27 9 35 8 31 21 11 20 13 13 23 4 35 17 19 27 3 22 11 12 32 10 33 3 36 6 35 5 31 1 32 7 31 2 39
174 50 0 32 172 155 170 76 173 219 166 22 171 119 167 30 169 56 168 46 165 9 164 1 143 2 142 2 144 2 141 2 139 2 140 3 138 1 137 1 31 1 30 1 28 3 23 17 29 1 26 2 18 22 24 7 25 3 19 20 16 22 15 30 11 31 14 32 9 30 8 28 21 12 20 15 13 26 4 34 17 20 27 3 22 16 12 34 10 30 3 30 6 33 5 28 1 32 7 27 2 38
175 49 0 30 172 104 170 46 174 235 173 152 166 5 171 78 167 14 169 35 168 24 143 1 142 2 144 1 141 2 139 2 140 2 138 1 137 1 31 1 30 1 28 3 23 15 29 1 26 3 18 17 24 7 25 4 19 17 16 17 15 21 11 23 14 25 9 22 8 23 21 11 20 13 13 19 4 29 17 17 27 1 22 14 12 25 10 21 3 23 6 26 5 24 1 28 7 23 2 33
176 49 0 26 172 58 170 13 175 208 174 142 173 83 171 31 167 1 169 5 168 1 143 1 142 2 144 1 141 2 139 2 140 2 138 1 137 1 32 1 30 1 28 3 23 11 29 1 26 1 18 13 24 3 25 1 19 10 16 12 15 16 11 18 14 19 9 17 8 20 21 7 20 7 13 17 4 26 17 13 27 1 22 12 12 18 10 17 3 23 6 20 5 19 1 26 7 17 2 31
177 50 0 28 172 73 170 26 175 220 176 219 174 172 173 108 171 45 167 4 169 14 168 8 143 1 142 2 144 1 141 2 139 2 140 2 138 1 137 1 31 1 30 1 28 3 23 12 29 1 26 2 18 12 24 5 25 2 19 11 16 13 15 18 11 22 14 25 9 19 8 23 21 7 20 8 13 17 4 28 17 13 27 1 22 13 12 20 10 21 3 28 6 23 5 22 1 28 7 19 2 33
178 54 0 35 177 195 172 89 170 55 175 182 176 150 174 179 173 136 166 12 171 75 167 16 169 38 168 31 165 2 143 2 142 2 144 2 141 2 139 2 140 3 138 1 137 1 35 1 31 1 30 1 28 4 23 18 29 2 26 3 18 19 24 8 25 4 19 17 16 21 15 25 11 34 14 26 9 28 8 26 21 16 20 13 13 23 4 42 17 19 27 3 22 17 12 34 10 28 3 37 6 36 5 29 1 39 7 29 2 46
179 59 0 40 178 187 177 134 172 92 170 60 175 121 176 96 174 132 173 116 166 20 171 75 167 20 169 38 168 29 165 9 163 1 164 7 147 1 148 1 143 4 142 4 144 4 141 4 139 2 140 4 146 1 138 1 137 1 31 1 30 1 28 4 23 16 29 1 26 3 18 21 24 9 25 7 19 16 16 25 15 29 11 37 14 34 9 38 8 35 21 12 20 15 13 31 4 44 17 22 27 2 22 14 12 37 10 39 3 44 6 41 5 38 1 42 7 34 2 50
180 78 0 56 179 164 178 115 177 89 172 141 170 112 175 84 176 64 174 104 173 120 166 44 171 136 160 2 167 49 162 11 156 3 169 79 168 64 165 28 161 7 159 1 153 2 163 14 155 3 152 4 151 3 164 20 149 4 147 5 148 5 154 4 150 3 145 2 143 8 142 8 144 8 141 7 136 1 139 5 140 9 135 1 146 3 138 3 137 2 36 1 34 1 31 3 32 1 30 5 28 7 23 22 29 3 26 5 18 30 24 14 25 10 19 22 16 40 15 36 11 58 14 44 9 55 8 56 21 20 20 23 13 43 4 64 17 33 27 4 22 21 12 51 10 55 3 62 6 65 5 61 1 62 7 56 2 66
181 79 0 56 179 113 180 206 178 82 177 48 172 133 170 117 175 47 176 32 174 78 173 107 166 50 171 134 160 9 157 6 167 57 162 15 158 4 156 7 169 84 168 71 165 35 161 13 159 4 153 10 163 18 155 10 152 10 151 9 164 21 149 10 147 10 148 8 154 10 150 11 145 5 143 8 142 5 144 9 141 6 139 3 140 6 146 8 138 1 137 1 36 1 34 1 31 2 32 1 30 3 28 5 23 18 29 2 26 3 18 28 24 12 25 7 19 19 16 42 15 40 11 58 14 44 9 62 8 61 21 21 20 24 13 43 4 66 17 33 27 3 22 17 12 53 10 64 3 69 6 69 5 64 1 65 7 62 2 71
182 82 0 78 179 97 181 187 180 170 178 89 177 54 172 146 170 146 175 58 176 42 174 100 173 120 166 69 171 142 160 26 157 20 167 72 162 31 158 23 156 29 169 111 168 86 165 50 161 29 159 20 153 33 163 36 155 34 152 33 151 28 164 42 149 20 147 16 148 17 154 35 150 25 145 8 143 7 142 6 144 10 141 5 136 1 139 4 140 7 135 1 146 11 138 3 137 2 36 1 34 1 31 3 32 2 30 4 28 7 23 29 29 2 26 11 18 41 24 18 25 14 19 35 16 52 15 48 11 82 14 58 9 79 8 85 21 31 20 36 13 64 4 95 17 43 27 7 22 27 12 78 10 76 3 88 6 91 5 89 1 85 7 79 2 91
183 81 0 101 179 91 182 260 181 163 180 151 178 79 177 40 172 113 170 117 175 52 176 31 174 86 173 100 166 55 171 121 160 30 157 29 167 60 162 35 158 33 156 39 169 96 168 79 165 50 161 30 159 23 153 36 163 36 155 38 152 32 151 31 164 38 149 21 147 20 148 22 154 36 150 26 145 9 143 7 142 5 144 14 141 6 139 3 140 6 146 14 138 2 137 1 36 1 34 1 31 2 32 1 30 3 28 8 23 37 29 3 26 14 18 45 24 23 25 19 19 43 16 57 15 56 11 86 14 66 9 82 8 93 21 39 20 41 13 70 4 120 17 49 27 7 22 29 12 83 10 82 3 111 6 110 5 114 1 107 7 99 2 116
184 87 0 196 183 257 179 93 182 197 181 145 180 147 178 75 177 55 172 103 170 110 175 56 176 42 174 64 173 82 166 61 171 115 160 43 157 32 167 50 162 37 158 40 156 47 169 87 168 71 165 44 161 39 159 34 153 49 163 36 155 44 152 46 151 41 164 37 149 30 147 28 148 28 154 48 150 36 145 20 143 12 142 9 144 23 141 10 136 1 139 6 140 8 135 1 146 24 138 3 137 2 37 1 36 3 35 3 34 8 33 9 31 15 32 13 30 12 28 24 23 71 29 16 26 34 18 94 24 50 25 36 19 82 16 112 15 111 11 150 14 125 9 146 8 180 21 66 20 79 13 138 4 201 17 94 27 27 22 60 12 144 10 159 3 203 6 211 5 207 1 203 7 194 2 217
185 89 0 207 183 245 184 417 179 99 182 189 181 151 180 139 178 86 177 68 172 95 170 109 175 65 176 50 174 75 173 91 166 60 171 103 160 40 157 29 167 62 162 37 158 36 156 44 169 92 168 82 165 51 161 36 159 30 153 45 163 47 155 42 152 40 151 47 164 44 149 34 147 24 148 31 154 46 150 33 145 19 143 13 142 7 144 24 141 6 139 3 140 6 146 26 138 2 137 1 40 1 38 2 37 3 36 3 35 4 39 1 34 6 33 10 31 10 32 13 30 11 28 28 23 83 29 11 26 37 18 107 24 61 25 41 19 96 16 122 15 129 11 164 14 145 9 167 8 209 21 81 20 94 13 156 4 212 17 108 27 35 22 72 12 170 10 174 3 216 6 230 5 223 1 215 7 214 2 227
186 91 0 176 185 191 183 136 184 177 179 65 182 124 181 101 180 92 178 67 177 62 172 64 170 62 175 61 176 50 174 63 173 68 166 40 171 72 160 25 157 26 167 35 162 25 158 27 156 33 169 56 168 51 165 32 161 25 159 27 153 25 163 29 155 29 152 29 151 23 164 29 149 17 147 14 148 11 154 33 150 16 145 13 143 5 142 3 144 7 141 4 139 3 140 2 146 10 138 3 137 1 40 2 41 1 38 2 37 1 36 4 35 6 39 4 34 8 33 11 31 16 32 16 30 30 28 38 23 68 29 29 26 52 18 102 24 61 25 56 19 93 16 116 15 134 11 227 14 161 9 221 8 217 21 66 20 87 13 191 4 178 17 106 27 47 22 70 12 210 10 248 3 173 6 179 5 182 1 168 7 203 2 178
187 90 0 160 185 150 183 116 186 313 184 156 179 60 182 108 181 82 180 81 178 56 177 43 172 58 170 52 175 39 176 38 174 59 173 56 166 35 171 66 160 24 157 23 167 38 162 22 158 22 156 26 169 40 168 44 165 28 161 20 159 21 153 24 163 33 155 22 152 22 151 19 164 27 149 10 147 13 148 13 154 28 150 11 145 10 143 4 142 3 144 10 141 4 139 1 140 1 146 10 138 2 137 1 40 1 41 1 37 1 36 5 35 9 34 11 33 12 31 17 32 19 30 26 28 47 23 77 29 32 26 64 18 105 24 66 25 50 19 83 16 109 15 133 11 221 14 155 9 215 8 215 21 77 20 84 13 205 4 161 17 104 27 50 22 74 12 218 10 239 3 169 6 181 5 168 1 160 7 193 2 170
188 96 0 145 187 266 185 131 183 107 186 223 184 123 179 55 182 96 181 74 180 75 178 57 177 45 172 52 170 50 175 49 176 43 174 59 173 50 166 31 171 59 160 16 157 17 167 27 162 24 158 18 156 21 169 40 168 44 165 28 161 18 159 17 153 23 163 22 155 18 152 22 151 24 164 23 149 16 147 13 148 12 154 25 150 17 145 10 143 4 142 2 144 7 141 3 139 1 140 2 146 11 138 2 137 1 40 4 44 1 41 3 43 2 38 7 42 3 37 8 36 10 35 14 39 7 34 18 33 26 31 26 32 27 30 31 28 48 23 82 29 32 26 60 18 107 24 75 25 62 19 93 16 102 15 122 11 186 14 147 9 179 8 169 21 78 20 84 13 184 4 144 17 109 27 50 22 86 12 196 10 213 3 149 6 149 5 149 1 150 7 157 2 153
189 103 0 135 187 218 185 117 183 113 186 200 184 136 179 58 188 266 182 97 181 77 180 74 178 53 177 44 172 53 170 47 175 44 176 34 174 58 173 53 166 28 171 50 160 16 157 17 167 27 162 23 158 12 156 16 169 43 168 38 165 24 161 18 159 13 153 19 163 20 155 18 152 19 151 16 164 21 149 12 147 12 148 9 154 21 150 15 145 7 143 4 142 4 144 8 141 5 139 1 140 2 146 7 138 2 137 1 65 1 62 2 46 1 40 5 44 3 41 5 43 3 38 7 42 4 37 8 36 7 35 12 48 1 47 2 39 6 45 3 34 19 33 23 31 30 32 30 30 37 28 53 23 78 29 39 26 66 18 110 24 82 25 69 19 99 16 115 15 135 11 173 14 159 9 163 8 150 21 85 20 96 13 179 4 137 17 118 27 58 22 85 12 186 10 184 3 139 6 144 5 148 1 126 7 141 2 139
190 111 0 130 189 255 187 184 185 116 183 106 186 175 184 129 179 61 188 211 182 92 181 69 180 73 178 62 177 46 172 49 170 44 175 44 176 35 174 57 173 51 166 22 171 52 160 22 157 14 167 21 162 22 158 13 156 18 169 39 168 38 165 23 161 16 159 15 153 19 163 16 155 17 152 17 151 14 164 19 149 10 147 7 148 8 154 20 150 11 145 7 143 6 142 4 144 10 141 3 140 1 146 3 138 1 137 1 96 2 93 9 95 7 92 10 90 6 89 3 94 7 91 9 88 7 63 1 87 4 46 4 40 12 44 8 41 8 43 10 38 11 42 7 37 10 36 14 35 14 47 3 39 13 45 9 34 17 33 27 31 25 32 23 30 30 28 51 23 98 29 38 26 60 18 112 24 88 25 70 19 101 16 117 15 141 11 164 14 151 9 126 8 127 21 102 20 100 13 156 4 130 17 116 27 52 22 97 12 160 10 145 3 132 6 132 5 136 1 131 7 127 2 148
191 112 0 132 189 206 187 155 185 136 190 259 183 121 186 161 184 140 179 56 188 168 182 99 181 73 180 70 178 57 177 39 172 55 170 49 175 43 176 30 174 47 173 54 166 24 171 50 160 19 157 16 167 28 162 19 158 14 156 17 169 37 168 42 165 19 161 16 159 16 153 16 163 18 155 16 152 18 151 17 164 18 149 11 147 12 148 10 154 20 150 17 145 7 143 4 142 3 144 8 141 4 140 2 146 8 138 2 137 1 96 2 93 5 95 1 92 4 90 5 89 3 94 3 91 5 88 5 63 1 87 2 46 1 40 7 44 6 41 5 43 3 38 6 42 4 37 11 36 13 35 12 47 3 39 7 45 7 34 10 33 16 31 16 32 19 30 28 28 48 23 94 29 34 26 58 18 139 24 87 25 69 19 112 16 145 15 166 11 158 14 165 9 131 8 140 21 94 20 119 13 179 4 138 17 134 27 40 22 100 12 172 10 143 3 140 6 138 5 133 1 136 7 133 2 145
192 98 0 140 189 133 191 174 187 133 185 176 190 128 183 171 186 158 184 191 179 70 188 116 182 170 181 119 180 118 178 85 177 77 172 91 170 85 175 69 176 52 174 85 173 97 166 51 171 90 160 33 157 28 167 50 162 32 158 30 156 31 169 75 168 76 165 38 161 31 159 32 153 26 163 34 155 30 152 26 151 25 164 39 149 18 147 17 148 18 154 33 150 22 145 14 143 8 142 6 144 12 141 7 139 4 140 4 146 10 138 4 137 1 51 1 46 1 44 1 43 1 37 2 36 3 35 4 47 1 34 8 33 10 31 14 32 13 30 16 28 22 23 69 29 16 26 34 18 105 24 53 25 40 19 88 16 126 15 139 11 163 14 154 9 144 8 142 21 75 20 103 13 167 4 153 17 109 27 25 22 69 12 157 10 165 3 151 6 154 5 145 1 146 7 145 2 162
193 95 0 134 189 117 192 253 191 132 187 108 185 180 190 111 183 215 186 137 184 186 179 84 188 97 182 207 181 144 180 132 178 91 177 59 172 111 170 108 175 60 176 36 174 96 173 115 166 70 171 117 160 46 157 44 167 70 162 45 158 39 156 49 169 88 168 84 165 58 161 45 159 36 153 54 163 44 155 58 152 51 151 53 164 48 149 47 147 48 148 47 154 60 150 57 145 26 143 18 142 9 144 27 141 10 139 3 140 3 146 37 138 2 137 1 89 1 36 3 35 2 47 1 34 5 33 7 31 13 32 14 30 12 28 22 23 59 29 18 26 31 18 86 24 43 25 36 19 78 16 98 15 108 11 138 14 124 9 129 8 131 21 56 20 83 13 123 4 149 17 92 27 26 22 62 12 126 10 144 3 143 6 139 5 137 1 145 7 137 2 154
